16 18 16
0 1 0 0 0 0 0 0 0 0 0 0 0 0 0 0 
0 0 0 0 0 0 0 0 0 0 0 0 0 0 0 0 
0 0 0 0 0 0 0 0 0 0 0 0 0 0 0 0 
0 1 1 1 1 1 1 1 1 1 1 1 0 0 0 0 
0 0 0 0 1 1 1 1 1 1 1 1 0 0 0 0 
1 1 1 0 1 1 1 1 1 1 1 1 0 0 0 0 
0 0 0 0 1 0 0 1 1 1 1 1 0 0 0 0 
1 0 1 0 1 1 0 1 1 1 1 1 0 0 0 0 
0 1 0 0 0 0 0 1 1 1 1 1 0 0 0 0 
0 0 0 1 1 1 1 1 1 1 1 1 0 0 0 0 
0 0 0 0 1 1 1 1 1 1 1 1 0 0 0 0 
0 0 0 0 0 0 0 20 18 0 0 0 0 0 0 0 
0 0 0 0 0 0 0 20 18 0 0 0 0 0 0 0 
0 0 0 0 0 0 0 20 18 0 0 0 0 0 0 0 
0 0 0 0 0 0 0 12 10 0 0 0 0 0 0 0 
0 0 0 0 0 0 0 0 0 0 0 0 1 0 0 0 
0 0 0 0 0 0 0 0 0 0 0 0 0 1 0 0 
0 0 0 0 0 0 0 0 0 0 0 0 1 0 0 0 
0 0 0 0 0 0 0 0 0 0 0 0 0 0 0 0 
ENTITY
1 5 5 0
4 4 16 0
